1.105313284
1.10906967839
1.11672603556
1.15800535923
1.13634431665
1.10910211757
1.0868956778
1.10684856513
1.09017714535
1.09845386648
1.10459747677
1.17245102297
1.15889318253
1.14855454335
1.13907824382
1.17651776074
1.15723875363
1.14136177205
1.12097500139
1.15599851669
1.12659591827
1.14032105
1.13969477539
1.1946823123
1.18237513281
1.17279404116
1.16600716466
1.22782199735
1.19486562779
1.17129909746
1.15050755941
1.19247732761
1.15470326767
1.13050159545
1.11304599654
1.13508989273
1.11407862121
1.10426001948
1.08697828065
1.09723844523
1.08079327685
1.07330813048
1.06231292893
1.07265738649
1.05894069258
1.04785935454
1.03586998648
1.03219802774
1.01874201789
1