1.04056459704
1.04471568714
1.04954151167
1.06038810788
1.0566965138
1.04843944332
1.04218312032
1.0411480235
1.03530354574
1.03857218042
1.04254828347
1.05829392663
1.05963448515
1.0590905619
1.05600971598
1.06111303547
1.05978504269
1.05747494686
1.05139616777
1.05428755933
1.04427504361
1.05217468029
1.05323167368
1.06205936868
1.06313561884
1.06381464704
1.063924863
1.07526076764
1.07149058998
1.06775061049
1.06145381866
1.06707444287
1.06142728078
1.05693053856
1.05157295998
1.04976508946
1.04603574263
1.04867768385
1.04493786711
1.04083327482
1.03637483783
1.03651131903
1.03464119887
1.03490912626
1.03129268183
1.02833279191
1.02557057587
1.02312536607
1.01889884755
1