1.06540180994
1.07688191842
1.0752024005
1.0995312444
1.08841872138
1.06922269598
1.05322691306
1.06328673922
1.0840301144
1.08884713225
1.07840084064
1.08147920441
1.06757962486
1.05997690892
1.05569070428
1.07304827212
1.06696989887
1.06332195326
1.05472983979
1.06285339864
1.05519212326
1.04559742921
1.02806878262
1.02269622201
1.0170737087
1.01181961594
1.00988453103
1.00793021694
1.00857542811
1.00907884675
1.00756685175
1.00821092355
1.00733567147
1.00578403232
1.00363672372
1.00478195903
1.00517979672
1.00629178069
1.00484364994
1.00626906233
1.0070067475
1.0081520029
1.00836114273
1.01072091526
1.01258085946
1.01484606594
1.01371174246
1.01415148693
1.0106864045
1