1.04400836898
1.0529927374
1.05159265316
1.06978108519
1.0623253231
1.04832317414
1.03579181869
1.04378537563
1.05863050299
1.06255624973
1.05267004264
1.05571390226
1.04636227952
1.04269358445
1.03881597727
1.05130544389
1.0479341317
1.0467156612
1.03987549003
1.04722657931
1.04337462421
1.03674515888
1.02274226163
1.01830826009
1.01400427304
1.00996035276
1.00858719951
1.00662719788
1.00725358979
1.00785720981
1.00658778307
1.00705466952
1.00647789765
1.00524022573
1.00328656452
1.00412486412
1.00447218629
1.00551200771
1.00429454083
1.0052513532
1.00583260795
1.00681405662
1.00701727382
1.00842184574
1.01008854801
1.01231286614
1.01179302337
1.01278580074
1.01070359332
1