1.15507326994
1.15785123656
1.14146010043
1.16694505437
1.14182430412
1.13669598628
1.12152511571
1.14657633976
1.12893214857
1.12005374293
1.11829122077
1.15354975612
1.13646810026
1.12512887572
1.11007008346
1.12765259788
1.11063839312
1.10385116372
1.09314711804
1.11281313366
1.10093703924
1.1044886644
1.1048889712
1.13159333505
1.11520561853
1.11339226485
1.10888828401
1.14489778589
1.13341400666
1.12186465218
1.10994323066
1.13977014811
1.13207041861
1.11722057986
1.11078855227
1.13606267069
1.11763938171
1.10770467808
1.0975785223
1.12995974975
1.11211541408
1.09794065667
1.0941821914
1.10048825203
1.08241155084
1.07515620201
1.05962385189
1.05239934934
1.0288279869
1