1.06357858948
1.06581397145
1.05360277707
1.07432892595
1.06007975487
1.06107313965
1.04819013791
1.06372689259
1.05432802054
1.05334775822
1.04680213697
1.06871380795
1.05960207805
1.05770707235
1.04477324502
1.05700693732
1.0483357585
1.04679426
1.03713446718
1.04837039262
1.04221498649
1.04623982375
1.04122816438
1.05600344164
1.04856451663
1.04909876334
1.04196631027
1.06247620238
1.05596567148
1.05312635384
1.0428491041
1.06039973535
1.05629272422
1.05224075605
1.04405955656
1.06133328409
1.05177700152
1.04974243441
1.04035906604
1.0615414531
1.0519068739
1.05014202354
1.04468569584
1.05458445846
1.04597700004
1.04886122461
1.03971629463
1.04606246929
1.02904549555
1