1.04437792711
1.04754229728
1.04130704885
1.04697449624
1.04248052583
1.04418567093
1.03814331413
1.04142892048
1.0379922298
1.03852737713
1.03673844944
1.04420843453
1.04211068966
1.04185538677
1.03580312405
1.0378824095
1.03484176337
1.03455299415
1.03018968122
1.0326714682
1.03029085918
1.03374071436
1.03281827432
1.03711574284
1.03398027364
1.03540601401
1.03305418246
1.04049529338
1.03905682006
1.03842794406
1.03365806465
1.03879559787
1.03918576061
1.03775720709
1.03472004312
1.03965671337
1.03628683212
1.03559302031
1.03177559596
1.0396450743
1.03633965157
1.03622485625
1.0358889202
1.03590710775
1.03289844034
1.03654355283
1.03384392064
1.03689706016
1.02932542656
1