1.02470786244
1.0308788763
1.03095789841
1.03925893588
1.03690796328
1.03047576839
1.02256180547
1.02351583449
1.03245724975
1.03798577398
1.03342252368
1.03180907502
1.02717004356
1.0258724717
1.02466556436
1.02891709095
1.02763066099
1.02874484456
1.02582891933
1.02795377643
1.02761127748
1.02598096559
1.01777543526
1.01357885754
1.01094799938
1.007913405
1.00757917401
1.00533597395
1.00581186871
1.00642644054
1.00582517682
1.00588221347
1.00560580501
1.00469362282
1.00303253127
1.00357792852
1.00377800225
1.00473095258
1.00388303473
1.00443490937
1.00479830992
1.00548880408
1.00602501917
1.00645202701
1.00751111471
1.00921249499
1.00973776765
1.01033445402
1.01073423757
1