1.0313349535
1.03895972147
1.03803798923
1.05079144062
1.04665457212
1.03690626768
1.02667096893
1.03087884531
1.04269908907
1.04761561699
1.0397654241
1.04020170232
1.03413372923
1.03221597811
1.02932294135
1.03688436833
1.03519329846
1.03556973105
1.03051503312
1.0351465748
1.03400459978
1.03048673888
1.01943517262
1.01519058677
1.01204079119
1.00869453204
1.00790547551
1.00575888566
1.00632323328
1.00694890992
1.00608345915
1.00627110918
1.00591822389
1.00488781328
1.00311571027
1.00375897764
1.00400852084
1.00501143475
1.00401604199
1.00470588244
1.00515388401
1.00596142405
1.00633979192
1.00708735857
1.00837752922
1.01033735226
1.01046163442
1.01140963196
1.01072081642
1