1.0702352003
1.07578592798
1.07845841515
1.10871554833
1.09358627862
1.07588585766
1.06027586169
1.06766124295
1.05887809025
1.06566222696
1.06829512778
1.11079686266
1.10706272582
1.10130878333
1.090866675
1.11539948363
1.10547614562
1.09609650993
1.07974287556
1.09831019659
1.08124860088
1.09286834865
1.08982267344
1.12466080339
1.12045917005
1.11579519166
1.10905425368
1.14925256934
1.13213298272
1.11822180354
1.10038668968
1.12798974085
1.1052459835
1.09454982908
1.07835022515
1.09041858482
1.07916694379
1.07835666512
1.06326840084
1.06795647765
1.0574167956
1.05512163103
1.04716578685
1.05397317167
1.04529828931
1.03910310266
1.0310626816
1.0286076512
1.01880444892
1