1.04992481734
1.05573068638
1.05906092335
1.07733036787
1.06926889975
1.05847235707
1.04771363821
1.04922328182
1.04244632853
1.04705234812
1.05089117655
1.07478033676
1.07533475662
1.07429884509
1.06720563666
1.07919627115
1.07532844136
1.07109506055
1.05978428936
1.06728717418
1.05545162282
1.06553244985
1.06468502964
1.08169403809
1.08157394425
1.0817743119
1.07826783877
1.09936479689
1.09157813448
1.08525059456
1.07421012981
1.08690207514
1.07654162216
1.07025887004
1.06015455807
1.06288259805
1.0571068597
1.05924158093
1.05097175344
1.04959734858
1.04340782759
1.04310240086
1.03895113948
1.0412914398
1.03614378316
1.03219142024
1.02764913711
1.02520677329
1.01886301398
1