1.09734295598
1.09760310266
1.08198685735
1.11181190383
1.09137600378
1.08664211163
1.0702721762
1.09611715007
1.08195200545
1.07608851533
1.06829758587
1.10279174053
1.09011070423
1.07980889443
1.06486256624
1.08392522038
1.07117090522
1.06412283239
1.05285709605
1.07181880395
1.06305766386
1.06473716767
1.0599491903
1.08484755012
1.07308478926
1.06968695788
1.0615276227
1.09497816388
1.08446322077
1.07502539482
1.0625507921
1.09169436601
1.08554752855
1.07384829101
1.06361600382
1.09195620915
1.07847298308
1.06924012472
1.05869330539
1.09197957512
1.07930143986
1.06844639818
1.06250435847
1.07832045361
1.06433450692
1.06101875294
1.04719566681
1.05029247501
1.02890969555
1