0.0417936111238
0.0503928372296
0.0482272998424
0.0656871145533
0.0594523946774
0.0466533653444
0.034290400617
0.0413603948732
0.0551787286621
0.0594262657797
0.0498904509337
0.0532453275032
0.0444639539506
0.0410983132589
0.0369216934049
0.0489586533505
0.0457947974601
0.0449242833824
0.0380772325875
0.0452633006503
0.0418373057601
0.0359280732432
0.0223333763642
0.0180554072328
0.0138661611833
0.0098755494475
0.00853066510291
0.00657947308481
0.00719704112585
0.00780578697986
0.00654163400561
0.007009264224
0.00644412895826
0.00522305980308
0.00327306357585
0.004106499091
0.00444767069338
0.00548843739587
0.00427210648625
0.0052209017272
0.00579313321189
0.00676657372184
0.00695866897851
0.00833773015146
0.00996583995972
0.0121693526841
0.0116441436704
0.0126503960465
0.0107035933156
0