0.0239677647985
0.029951636581
0.029788436107
0.0378615434228
0.0358164300566
0.0298033509866
0.0220434356814
0.0227765696812
0.0312694552869
0.0367572537942
0.0323921590596
0.0309676817536
0.0264848159136
0.0252496742344
0.0239723536297
0.0281395758728
0.0268586142958
0.0280210900831
0.0251265377098
0.0272026758048
0.0269120757623
0.0255272083489
0.0175372987828
0.0134318061322
0.010862043628
0.00785387908754
0.0075389463914
0.00530514116273
0.00577475757609
0.00638922219431
0.00579111225723
0.00584942275027
0.00557961639241
0.00467943229325
0.00302171977547
0.00356446197797
0.00376021286442
0.00471265318113
0.00386588985872
0.00441373091947
0.00477211670173
0.00545593198233
0.00598639479322
0.00640392638654
0.00744255024887
0.00912365099436
0.00963816249887
0.0102246996667
0.0107342375737
0