0.0388283602357
0.0426049723988
0.0467201690565
0.0571480146796
0.0540770515279
0.0464788215984
0.0405159683008
0.0397448880302
0.0339923853229
0.0369979798867
0.0402045994989
0.0550132403674
0.0563072576609
0.0559564566516
0.0527839298069
0.057665501028
0.0565356587142
0.0546653570033
0.0487496673116
0.0519858821353
0.0420795562209
0.0495377053249
0.0501211846106
0.058373896593
0.0593483263383
0.0599804076957
0.05945056764
0.0702393173972
0.0669543892357
0.0638281282715
0.0575909385472
0.0631926878921
0.0581185598703
0.0541384580332
0.0491280958897
0.0475749416889
0.0438988483631
0.0465842854252
0.0431748947637
0.0394001024847
0.0350935268736
0.03528887026
0.0334726962866
0.0338498729546
0.03043050078
0.0276263697293
0.0249926125512
0.0226964297088
0.0188988475476
0