0.13393194656
0.138288877989
0.121222588759
0.146209056656
0.124768896725
0.12188401701
0.105989554721
0.129836270453
0.115112466147
0.107354632405
0.102545399663
0.135111364835
0.121291083363
0.112721599818
0.0976099231818
0.114936237279
0.10022944828
0.0950020011047
0.0837041864608
0.102470104681
0.0913880264156
0.094569379481
0.0926914006576
0.117999167919
0.103472623411
0.102257609255
0.0951074282356
0.127841887465
0.118921659935
0.109793590174
0.0964608792737
0.123464181923
0.118213377903
0.105529157304
0.0975197540823
0.121741120544
0.106201033576
0.0981293601212
0.0863557505699
0.116858149887
0.102114274941
0.0895103735386
0.0855821870244
0.0928373796003
0.0766507700763
0.0709272463787
0.0566551584475
0.0509311080239
0.0288279869032
0