0.0886868447652
0.0902072904091
0.0737416617563
0.102450396056
0.0840902471978
0.0809533439754
0.0641100964418
0.088836796442
0.0761573088814
0.0712240824455
0.0619315355428
0.0942947721991
0.0834506038045
0.0749476007158
0.0598404438031
0.0783490477274
0.0668822273622
0.0609036426966
0.0493153281676
0.0675587095517
0.0592236899121
0.0610757272762
0.0552604744233
0.0790688219284
0.0683235302852
0.0656478045317
0.0561907303072
0.0875808068553
0.0785685818913
0.070608760897
0.0572969816899
0.0844683107843
0.0796644454008
0.0694313462252
0.0582587500179
0.0852651949481
0.0733913564079
0.0654014948142
0.053749453494
0.0852213957312
0.0742212618178
0.0644198752059
0.0579645487168
0.0735863143632
0.0606346558401
0.0582687217634
0.0449357373652
0.0488793868147
0.0289096955487
0