0.0301599309869
0.0375320767387
0.0361993710291
0.0485274148463
0.0449940111057
0.0359475126884
0.0258720693064
0.0296143399697
0.0407583548522
0.0457945762435
0.0382285704929
0.0388747617257
0.0330683984328
0.0312982221765
0.0282798566986
0.0356304164471
0.0339844796539
0.0345164601284
0.0294789490375
0.0339907335147
0.0329985806693
0.0299055199342
0.0191443585821
0.015009856221
0.0119370045249
0.00862633674339
0.00786020945983
0.00572269969323
0.00627959692334
0.0069068921258
0.00604554686952
0.00623421370839
0.00588943742454
0.00487263156901
0.00310404224307
0.0037439698612
0.00398853257002
0.00499138911895
0.00399723149344
0.00468175322283
0.00512334160301
0.00592386795492
0.00629517575632
0.0070284772931
0.00829181381825
0.0102303263257
0.0103436175498
0.0112886088576
0.010720816423
0