0.0423638522561
0.0456563674824
0.0394537297691
0.0450603105585
0.0406829235557
0.0425622072861
0.0366259409345
0.0399125535717
0.0365827908188
0.0371620992313
0.0351830613708
0.0424220142493
0.0404189393231
0.0404086315245
0.0344963203144
0.0366069585105
0.0336780847053
0.0335404195734
0.0292345456946
0.0317109172731
0.0293021826071
0.0326685876901
0.0316437914877
0.035895987365
0.0328183081624
0.0342731432791
0.0317677385641
0.038973126973
0.037611487904
0.0371766499673
0.0324010466776
0.0373326880873
0.0377600467069
0.0364902635664
0.0333956801997
0.0382680857694
0.0350396646238
0.0344968619606
0.0305638883341
0.0382549044063
0.0350692722256
0.0349698269265
0.034644921276
0.0347634446417
0.031738599167
0.0353472628733
0.032639614807
0.0358458648802
0.0293254265572
0