0.059652614041
0.0624656396887
0.0498941951343
0.0701163526672
0.0566216904657
0.0582653255748
0.0453031113999
0.0604431366266
0.051576528372
0.0509625996519
0.0437929561852
0.0648486911978
0.0563502689958
0.0552340640685
0.0423585157654
0.0543785107545
0.0461750320439
0.045118797491
0.0354211330635
0.0464111466907
0.0403492445379
0.044408925276
0.0390416950912
0.0534096288352
0.0462916536791
0.0471212580032
0.0394985884663
0.0591649937762
0.0531424090526
0.0509434717178
0.0404084447364
0.0571808684865
0.0534979508199
0.0500361839727
0.0415134032084
0.0583139619908
0.0493235291061
0.0478127562201
0.0380193028933
0.0585046591328
0.0494284322875
0.0479972337553
0.0423727995229
0.0521851421722
0.0438351604168
0.0469947666135
0.0379674214451
0.0447623253705
0.029045495555
0