0.0472893494355
0.0526227388362
0.0548215525229
0.0723207865528
0.0654423323294
0.0558094835582
0.0454751996376
0.0472190082846
0.0405388790765
0.0447737588505
0.047350304811
0.0695414486474
0.0701245812244
0.0696199893767
0.0622737850921
0.0736484483282
0.0703284368813
0.0670844635692
0.0560151857929
0.0637520211527
0.0520412333103
0.0615510202823
0.0597997468399
0.0755325500664
0.0754075442084
0.0758385894107
0.0711936920214
0.0910285702407
0.0843843209459
0.0793611903262
0.0682767394638
0.0807233769223
0.0715169238978
0.0662722897378
0.056595674987
0.0594855642738
0.0539129701179
0.0563683854811
0.0485631499584
0.0475340008678
0.0416141574903
0.0414864561237
0.037406568411
0.0398510713241
0.0350165506577
0.0313253026487
0.0269693273858
0.0247401004335
0.0188630139759
0