0.0607325732039
0.0715046007954
0.0683949645705
0.0914457298833
0.0826943925803
0.06572438961
0.0500588515768
0.0583809788829
0.0771734726714
0.0823878551486
0.0724940806237
0.0763214307514
0.0637557519307
0.0568129554204
0.051899533066
0.0684632923512
0.0629817701679
0.0600361826084
0.0514933102347
0.0595658337956
0.0527852514944
0.0443525082994
0.0274458651747
0.0223152184718
0.0168742614081
0.0117039281025
0.00980676128512
0.00786279015184
0.00849827358681
0.00901066439075
0.00750522690612
0.00815112953844
0.00729348571341
0.00576307361785
0.00361941582277
0.00475731709588
0.00514741034545
0.00626145240671
0.00481347396995
0.00622544223321
0.00695009034017
0.00808440801196
0.00827245444937
0.0105877127313
0.0123968155196
0.0146452539846
0.0135204085719
0.0140018574164
0.0106864045031
0