0.0949564180287
0.0976691461645
0.100799218782
0.139047080109
0.122932157907
0.100379567053
0.078507286846
0.0980102780422
0.0820946132565
0.0891309898366
0.0892126619545
0.148806659292
0.138341869308
0.130416452207
0.118211767356
0.152533571997
0.137764166878
0.126106087895
0.104649789462
0.138468916989
0.111017785973
0.123121605042
0.116930479303
0.164653591656
0.15550482558
0.148192949751
0.13520458586
0.190667462555
0.166367094636
0.148890023414
0.126214189504
0.166689861367
0.136844802605
0.117247261884
0.0995921091936
0.121257055074
0.10330775288
0.0959172978302
0.0792701723356
0.0899695134259
0.0752750068297
0.0690080375406
0.0580921081787
0.0686132726827
0.0562486676502
0.0462020863289
0.0347510705491
0.0316056736353
0.0187420178865
0