0.0652873387438
0.070272461986
0.0707651437491
0.0994119535488
0.0869853227927
0.0715718054127
0.0564559799211
0.0638989923152
0.0552502366737
0.0614645010104
0.0614830038482
0.100081829217
0.0972140851359
0.0928699956206
0.0814655881917
0.104388940538
0.0962288855596
0.08899943876
0.072605058029
0.0909228428186
0.0743443626817
0.0852141829239
0.0798664567779
0.111258675656
0.107958136898
0.104408951391
0.0948914595396
0.131833072279
0.118163482683
0.107436599018
0.0889961016897
0.115802041138
0.0961545840122
0.0876800754302
0.0718533471866
0.0837855397051
0.0734144335977
0.0736941538549
0.0592424898978
0.0642665010937
0.0544172291682
0.0526388769741
0.0447504624621
0.0516342294037
0.0435936426292
0.037925048941
0.0301987658428
0.0280796292509
0.0188044489161
0